D_PB = 610.87 km
LF/PB = 0.999745 (Largest Fragment/Parent Body mass ratio)
v_esc = 473.451 m/s =  0.473451  km/s
