rho_PB = 3540 kg/m^3
D_PB = 234.391 km
LF/PB = 0.965817 (Largest Fragment/Parent Body mass ratio)
v_esc = 164.829 m/s =  0.164829  km/s
