 data=[  101  2.6000000  0.0035000 33.1980000  0.0000000  0.0000000  0.0050000     1.5708     1.5708 ]

