      real g5,g6,g7,g8,s6,s7,s8

      parameter(g5=4.25749319)
      parameter(g6=28.24552984)
      parameter(g7=3.08675577)
      parameter(g8=0.67255084)
      parameter(s6=-26.34496354)
      parameter(s7=-2.99266093)
      parameter(s8=-0.69251386)
      
