
(2) Pallas:
M = 2.02170018473265e+20 kg
GM = 3.00627812208716e-14
