filename = "sfd/Basalt_7_75_3.0.sfd"
out = "Basalt_7_75_3.0.sfd"
D_PB = 244.436098
LR_PB = 0.851570
LF_PB = 0.000852
v_esc = 171.893398
chi2 = 1337.665563
