filename = "sfd/Basalt_7_75_3.0.sfd"
out = "Basalt_7_75_3.0.sfd"
D_PB = 644.424071
LR_PB = 0.851570
LF_PB = 0.000852
v_esc = 380.832481
chi2 = 798.096335
