V1=6.67077e+06
D_complete=6.0
D_LF=231.689
a=-1.21358259e+00
b=3.82913703e+00
