V1=6.67077e+06
D_complete=6.0
D_LF=231.689
a=-1.31751913e+00
b=2.72249756e+00
