V_PB = 6.67077e+06 km^3
D_PB = 233.557 km
LF/PB = 0.9762 (Largest Fragment/Parent Body mass ratio)
v_esc = 164.243 m/s =  0.164243  km/s
