V1    = 6670770.0 km^3
D_complete = 6.0 km
D_PB(>D_complete) = 233.556763397801 km
V(>D) = 6729698.44599558 km^3
D_PB = 234.242481727134 km
D_LF = 231.689 km
V_LF = 6512007.13286187 km^3
LF/PB = 0.967652144463732 (Largest Fragment/Parent Body mass ratio)
v_esc = 138.42925726895 m/s = 0.13842925726895 km/s
