a1 = 2.765699
a2 = 2.965699
e1 = 0.108485
e2 = 0.208485
sinI1 = 0.163372
sinI2 = 0.263372
