V1=1.19353e+08
D_complete=6.0
D_LF=610.818
a=-1.31751913e+00
b=2.72249756e+00
