V_PB = 1.19353e+08 km^3
D_PB = 610.864 km
LF/PB = 0.999773 (Largest Fragment/Parent Body mass ratio)
v_esc = 473.447 m/s =  0.473447  km/s
