a1 = 2.099848
a2 = 2.339848
e1 = 0.058206
e2 = 0.158206
sinI1 = 0.018645
sinI2 = 0.118645
