a1 = 2.570918
a2 = 2.970918
e1 = 0.131258
e2 = 0.431258
sinI1 = 0.397547
sinI2 = 0.697547
