a1 = 2.343666
a2 = 2.943666
e1 = 0.098596
e2 = 0.198596
sinI1 = 0.176647
sinI2 = 0.276647
