a_c = 2.643666
C = 0.00022
