a1 = 2.6494155
a2 = 2.9182552
e1 = 0.1622211
e2 = 0.3032448
i1 = 0.531284
i2 = 0.5695981
H1 = 4.17
H2 = 18.12
a_c = 2.77092
C = 0.0002
